sector  pad  layer noise_in_MeV
2  62  0  0.019977010551440622
2  61  0  0.016831847694900835
2  60  0  0.016955138760395068
2  59  0  0.015257468186421793
2  58  0  0.018511977835593912
2  57  0  0.016863381207661815
2  56  0  0.012913404970501953
2  55  0  0.010120651414817015
2  54  0  0.012999228082076094
2  53  0  0.012217151930405462
2  52  0  0.012338653789621255
2  51  0  0.01172955716918737
2  50  0  0.013006238487333215
2  49  0  0.012183935698534501
2  48  0  0.012734089452741676
2  47  0  0.010860231421581717
2  46  0  0.01331653655002647
2  45  0  0.011027109016217293
2  44  0  0.01225148184057992
2  43  0  0.011755310425335239
2  42  0  0.012750298796416091
2  41  0  0.010252956175425076
2  40  0  0.011444388969009943
2  39  0  0.010835647305804259
2  38  0  0.010166226813677655
2  37  0  0.01197011057350299
2  36  0  0.010660190838659416
2  35  0  0.010991515680158678
2  34  0  0.010245699518590888
2  33  0  0.01130450365309695
2  32  0  0.011866227903702392
2  31  0  0.011762101200807402
2  30  0  0.014731442649802098
2  29  0  0.009619615976304537
2  28  0  0.01171298510359538
2  27  0  0.010745340640741303
2  26  0  0.00942430852617213
2  25  0  0.0075672432996304485
2  24  0  0.009993840726556819
2  23  0  0.01234925591833131
2  22  0  0.015121451904296281
2  21  0  0.010717518649497784
2  20  0  0.013067766995119162
2  19  0  0.009899496423022994
2  18  0  0.008723697831478703
2  17  0  0.008760428694529598
2  16  0  0.01092124745986944
2  15  0  0.009116542861453877
2  14  0  0.009123675837878863
2  13  0  0.008908492446828781
2  12  0  0.01175990046599251
2  11  0  0.008546387822057815
2  10  0  0.00870626000302229
2  9  0  0.009079266251664615
2  8  0  0.010126799939554391
2  7  0  0.009826722426550867
2  6  0  0.0063134822352548334
2  5  0  0.006727181002387257
2  4  0  0.008370724481403405
2  3  0  0.0074635974528555514
2  2  0  0.006207202494922493
2  1  0  0.005736916335544926
2  0  0  0.0059391765103848655
3  0  0  0.008887286525546663
3  1  0  0.007798545076565217
3  2  0  0.008014775591438515
3  3  0  0.011769619638597401
3  4  0  0.006198484967245958
3  5  0  0.0070268181465795365
3  6  0  0.008354604431656714
3  7  0  0.00778402399820747
3  8  0  0.007647277280660782
3  9  0  0.006848744979117992
3  10  0  0.007593206202391233
3  11  0  0.009229038235624551
3  12  0  0.009279925236632933
3  13  0  0.008974592692789917
3  14  0  0.009051819738614053
3  15  0  0.00724723105591833
3  16  0  0.010063966963954778
3  17  0  0.009235459079110445
3  18  0  0.011133479714339367
3  19  0  0.006266894099052457
3  20  0  0.010003089580834332
3  21  0  0.00971848265677401
3  22  0  0.007874310142305671
3  23  0  0.007102458977290114
3  24  0  0.010344006032184591
3  25  0  0.009783006116172962
3  26  0  0.010800394506836453
3  27  0  0.007632497749071247
3  28  0  0.009686324641139651
3  29  0  0.01017518948368993
3  30  0  0.010695811905751489
3  31  0  0.007282959719420199
3  32  0  0.010335530319119777
3  33  0  0.009898565769540282
3  34  0  0.008894223720875461
3  35  0  0.011575100859056416
3  36  0  0.011554779557741474
3  37  0  0.011026396883278205
3  38  0  0.012477615107499566
3  39  0  0.011773626218310804
3  40  0  0.01070969406109846
3  41  0  0.011228416352747763
3  42  0  0.013839075741120359
3  43  0  0.011951655016118818
3  44  0  0.009765700842056455
3  45  0  0.012408905371290427
3  46  0  0.010022864026169566
3  47  0  0.009713821624671099
3  48  0  0.012079483987927435
3  49  0  0.01074293136855484
3  50  0  0.011460121338908951
3  51  0  0.012832635562464426
3  52  0  0.011637431348329839
3  53  0  0.013311917669094406
3  54  0  0.01286316521181438
3  55  0  0.013229495491463038
3  56  0  0.013852916854537819
3  57  0  0.01590987069793847
3  58  0  0.012199260976862409
3  59  0  0.014287102754565238
3  60  0  0.01212739433980489
3  61  0  0.016939428575322827
3  62  0  0.016336732277410077
3  63  0  0.013655999895223751
-1  63  0  0.03402784157325551
-1  63  0  0.0323918252103582
0  62  0  0.01662923729916889
0  63  0  0.015133335925907682
0  60  0  0.016084362275196783
0  61  0  0.01324025271408717
0  58  0  0.014581055933020951
0  59  0  0.011486339909203662
0  56  0  0.013897346052751492
0  57  0  0.014688479925106404
0  54  0  0.012806639217998857
0  55  0  0.013746481238537287
0  52  0  0.013127418357508544
0  53  0  0.012451473929348622
0  50  0  0.012404960169783078
0  51  0  0.01291327783459337
0  48  0  0.013802950359650077
0  49  0  0.01386393435097933
0  46  0  0.011630861465815077
0  47  0  0.014029566509907518
0  44  0  0.012806754531066975
0  45  0  0.013285990447869992
0  42  0  0.01147387467042609
0  43  0  0.011118743664039343
0  40  0  0.011924659425098827
0  41  0  0.011428964905249467
0  38  0  0.012021803932418541
0  39  0  0.011547127556660177
0  36  0  0.010306826429155548
0  37  0  0.010497678906593866
0  34  0  0.010927509926276713
0  35  0  0.011703910736181137
0  32  0  0.01121488983029187
0  33  0  0.013955455528229625
0  30  0  0.009988870901529973
0  31  0  0.011272676221407991
0  28  0  0.010009628292647118
0  29  0  0.009808116108975227
0  26  0  0.009919217652962718
0  27  0  0.010235241946411485
0  24  0  0.009345275424973907
0  25  0  0.010493932790164839
0  22  0  0.009317852730748432
0  23  0  0.010265683557537342
0  20  0  0.008869070891348906
0  21  0  0.010331284227017063
0  18  0  0.009787255871067596
0  19  0  0.010998725614974104
0  16  0  0.009027915162105361
0  17  0  0.009858565056847237
0  14  0  0.007489033180131392
0  15  0  0.009696941845034866
0  12  0  0.008398970678338702
0  13  0  0.009184150864266896
0  10  0  0.008942156521691398
0  11  0  0.008422345468330759
0  8  0  0.009415116706562142
0  9  0  0.008261691509604426
0  6  0  0.006883453097792096
0  7  0  0.007553478121788791
0  4  0  0.007830678790687521
0  5  0  0.006236335897804412
0  2  0  0.00700546211528114
0  3  0  0.006541095351126121
0  0  0  0.006206151403654762
0  1  0  0.009884013923780658
1  1  0  0.005510531033962448
1  0  0  0.011836399218306298
1  3  0  0.006249939723272562
1  2  0  0.005405862089234116
1  5  0  0.00784144861570686
1  4  0  0.008881497692437101
1  7  0  0.006617590508401527
1  6  0  0.009455948960095972
1  9  0  0.00807441841213178
1  8  0  0.008506029512375123
1  11  0  0.007841505233384444
1  10  0  0.0076927955269162325
1  13  0  0.006732418949973367
1  12  0  0.00862123713655833
1  15  0  0.008011444491235196
1  14  0  0.007992688457106555
1  17  0  0.009675179879711707
1  16  0  0.007801103585857233
1  19  0  0.009342139117292475
1  18  0  0.008581711764463141
1  21  0  0.008315571800395216
1  20  0  0.00906245402314693
1  23  0  0.009701542940338294
1  22  0  0.010084791635928618
1  25  0  0.008989870160479215
1  24  0  0.008489532991067649
1  27  0  0.010445732966549296
1  26  0  0.01095157088096688
1  29  0  0.010801167319025138
1  28  0  0.006994489193822009
1  31  0  0.010759925756042331
1  30  0  0.010740341233879252
1  33  0  0.011828360546945284
1  32  0  0.009268833249378453
1  35  0  0.012866999895446407
1  34  0  0.010504835588812279
1  37  0  0.011717500017658705
1  36  0  0.011193023979321762
1  39  0  0.012556358956222603
1  38  0  0.010460578225498495
1  41  0  0.013437752834073842
1  40  0  0.01007631664485041
1  43  0  0.013068386377485489
1  42  0  0.010791839426785473
1  45  0  0.012462880573383765
1  44  0  0.010995129093876684
1  47  0  0.012628647783652986
1  46  0  0.012395359058291934
1  49  0  0.012941646927062561
1  48  0  0.012362910376467
1  51  0  0.015510555098549008
1  50  0  0.014798795054746485
1  53  0  0.01401576114628429
1  52  0  0.014394527176208706
1  55  0  0.013957039784345612
1  54  0  0.01510831610669616
1  57  0  0.014913415205596187
1  56  0  0.01626238487523674
1  59  0  0.014527764673848375
1  58  0  0.017517908366588997
1  61  0  0.015523722604299963
1  60  0  0.01868412863925335
1  63  0  0.015246064319126415
2  62  1  0.02859632642803459
2  61  1  0.011628226882560074
2  60  1  0.01213528994828915
2  59  1  0.009165005533614282
2  58  1  0.011736967657546888
2  57  1  0.011876719930028787
2  56  1  0.011516102773908386
2  55  1  0.009713928673626911
2  54  1  0.009672783337559191
2  53  1  0.009951412717303942
2  52  1  0.00975853336660357
2  51  1  0.011246918234673954
2  50  1  0.009924846484457713
2  49  1  0.009729027967392426
2  48  1  0.011890683065390912
2  47  1  0.009038528595648623
2  46  1  0.009861543665091134
2  45  1  0.010017534382783027
2  44  1  0.009211153438584571
2  43  1  0.01075904894294175
2  42  1  0.01142245410938843
2  41  1  0.009914141573642276
2  40  1  0.011368268093227081
2  39  1  0.009731366729711716
2  38  1  0.009921328463943125
2  37  1  0.009089439626233103
2  36  1  0.010162644797450746
2  35  1  0.008284694079694318
2  34  1  0.010448649030477734
2  33  1  0.009085886287833484
2  32  1  0.009439403351845062
2  31  1  0.010533474209820731
2  30  1  0.00699911707827716
2  29  1  0.008810670770772862
2  28  1  0.01073947924298211
2  27  1  0.00780679101623289
2  26  1  0.009453646635854601
2  25  1  0.008828320734167889
2  24  1  0.008591689108597507
2  23  1  0.008373132458259028
2  22  1  0.008766154073204692
2  21  1  0.008510954219228333
2  20  1  0.008201139745604418
2  19  1  0.007749237230220413
2  18  1  0.009723692572318999
2  17  1  0.008302268618453495
2  16  1  0.010073855634468545
2  15  1  0.009587258385205888
2  14  1  0.009150929859906615
2  13  1  0.008601756501657622
2  12  1  0.007835461356975795
2  11  1  0.008244727403213659
2  10  1  0.008810520520109402
2  9  1  0.008187307705442681
2  8  1  0.007935970670316182
2  7  1  0.009042721247628236
2  6  1  0.009387872761751896
2  5  1  0.007604461437548212
2  4  1  0.009163871171035558
2  3  1  0.009161423462020053
2  2  1  0.00869677478178714
2  1  1  0.008059626966344671
2  0  1  0.005510143179717358
3  0  1  0.006856538177775886
3  1  1  0.007107290372670506
3  2  1  0.00703632656529207
3  3  1  0.009397245769275695
3  4  1  0.008014045344751404
3  5  1  0.0067065832267759334
3  6  1  0.008250805671089292
3  7  1  0.00794818347524022
3  8  1  0.008956036192542711
3  9  1  0.008213993659933102
3  10  1  0.007570641868888604
3  11  1  0.006966993965315752
3  12  1  0.006825602104916642
3  13  1  0.007784929844003405
3  14  1  0.007759480614097489
3  15  1  0.01034337659152316
3  16  1  0.008917300254564354
3  17  1  0.008712408034085743
3  18  1  0.008362969886491779
3  19  1  0.009265379561496733
3  20  1  0.008689557961075237
3  21  1  0.010581391600692184
3  22  1  0.00913414488539088
3  23  1  0.008533257762933103
3  24  1  0.008652513689929314
3  25  1  0.010719148113365403
3  26  1  0.009985642931203133
3  27  1  0.006621210919518977
3  28  1  0.008826779317998914
3  29  1  0.012758079546943659
3  30  1  0.010479140936037024
3  31  1  0.0065618379631230015
3  32  1  0.01109551106012995
3  33  1  0.009721590858855208
3  34  1  0.01111796006563241
3  35  1  0.010235935993592278
3  36  1  0.01011553313324471
3  37  1  0.01148161575708241
3  38  1  0.012572277541239699
3  39  1  0.010251273533429726
3  40  1  0.010898543813888634
3  41  1  0.013066051504463454
3  42  1  0.011374324811206761
3  43  1  0.01283753281611175
3  44  1  0.01176038760558375
3  45  1  0.014132595363398252
3  46  1  0.012064111839167613
3  47  1  0.013805029761589965
3  48  1  0.012047598632784194
3  49  1  0.012426486509024752
3  50  1  0.011985002171118345
3  51  1  0.01196815374413119
3  52  1  0.014304634168885876
3  53  1  0.01568224119819351
3  54  1  0.015217935520471206
3  55  1  0.013326096493380265
3  56  1  0.01572948096455884
3  57  1  0.013864109998565891
3  58  1  0.01414931568822612
3  59  1  0.013600008840343852
3  60  1  0.015053902501330704
3  61  1  0.015150171872642027
3  62  1  0.018895834713143576
3  63  1  0.019235212052367855
-1  63  1  0.031356999793625016
-1  63  1  0.09223512742225283
0  62  1  0.016700319315655993
0  63  1  0.018894821341677394
0  60  1  0.016419821477340245
0  61  1  0.019614456386776266
0  58  1  0.01426750621865022
0  59  1  0.016797877320694852
0  56  1  0.014452552265173233
0  57  1  0.015961948878708703
0  54  1  0.013191494231710522
0  55  1  0.015126572344784798
0  52  1  0.013848420492171663
0  53  1  0.01441140445297615
0  50  1  0.014150000510891146
0  51  1  0.012915837381846833
0  48  1  0.013169348331067142
0  49  1  0.015284857926032788
0  46  1  0.01333888906305481
0  47  1  0.014625819555871866
0  44  1  0.013758044367686515
0  45  1  0.013210846392611423
0  42  1  0.014127084533400208
0  43  1  0.012492186620947346
0  40  1  0.01370064592921189
0  41  1  0.011926667185070525
0  38  1  0.01252190003021359
0  39  1  0.01165825235958785
0  36  1  0.013370226355658071
0  37  1  0.011495910018224134
0  34  1  0.012627917087668184
0  35  1  0.014361347099303973
0  32  1  0.012326464432347677
0  33  1  0.016614248781630883
0  30  1  0.01509323969226415
0  31  1  0.013310898597547015
0  28  1  0.011006724892094678
0  29  1  0.01132573836569521
0  26  1  0.011405801592734998
0  27  1  0.013516327505070104
0  24  1  0.011097678869038168
0  25  1  0.011949211685981101
0  22  1  0.012036245700533696
0  23  1  0.012721407718974734
0  20  1  0.012978971890438572
0  21  1  0.010325805961704914
0  18  1  0.009960160974006677
0  19  1  0.013528830345403513
0  16  1  0.010671378241865419
0  17  1  0.011514041613218116
0  14  1  0.00954837977431789
0  15  1  0.011690462327332287
0  12  1  0.011340151657013353
0  13  1  0.009171190120005435
0  10  1  0.008494600365890335
0  11  1  0.010467719449730038
0  8  1  0.010644246300010025
0  9  1  0.011133455011954103
0  6  1  0.009475019046149542
0  7  1  0.009705080978468353
0  4  1  0.009590479863780511
0  5  1  0.008503537031052246
0  2  1  0.010646157930285489
0  3  1  0.008757331599693432
0  0  1  0.007947001431966591
0  1  1  0.008280353901569197
1  1  1  0.006050517966656106
1  0  1  0.013003474013963129
1  3  1  0.007758208189144826
1  2  1  0.006143910127186588
1  5  1  0.008225989778146254
1  4  1  0.010381731466056122
1  7  1  0.009241202841787576
1  6  1  0.009036950276768983
1  9  1  0.008933889111532433
1  8  1  0.008662290201075201
1  11  1  0.00942275936703663
1  10  1  0.010319461377570432
1  13  1  0.009650061759044162
1  12  1  0.01044541080696573
1  15  1  0.010300826225434176
1  14  1  0.009527263984128306
1  17  1  0.009415175348343534
1  16  1  0.008963860785468833
1  19  1  0.009939460883799881
1  18  1  0.010900606415637193
1  21  1  0.010092931420991907
1  20  1  0.009573161389745767
1  23  1  0.01071097410746009
1  22  1  0.010503361153502606
1  25  1  0.011192240296328752
1  24  1  0.008914962084940175
1  27  1  0.009870439945522776
1  26  1  0.010639052703629307
1  29  1  0.009869229993232444
1  28  1  0.008708689394898834
1  31  1  0.008960321144338791
1  30  1  0.010227181877844944
1  33  1  0.009941966876603928
1  32  1  0.00952847511570937
1  35  1  0.010891739328628424
1  34  1  0.01008424122759284
1  37  1  0.009659661185597078
1  36  1  0.009554097565428679
1  39  1  0.011046772426039441
1  38  1  0.012407809548412408
1  41  1  0.010623216008398464
1  40  1  0.0097212490543947
1  43  1  0.010767113063433661
1  42  1  0.012793351529329405
1  45  1  0.01182003453785419
1  44  1  0.011800544399937728
1  47  1  0.012728547145062124
1  46  1  0.012429080415333155
1  49  1  0.012602700313960448
1  48  1  0.013705260493843532
1  51  1  0.011454352992143285
1  50  1  0.013773863373556386
1  53  1  0.011263159303037916
1  52  1  0.012624687010355105
1  55  1  0.012950604051896764
1  54  1  0.011326190034045305
1  57  1  0.012929346157174058
1  56  1  0.013617196958482502
1  59  1  0.0148918038631573
1  58  1  0.011936003629790361
1  61  1  0.016764890200358477
1  60  1  0.014674669315835174
1  63  1  0.015125759813470923
-1  63  2  0.05777041212122719
3  63  2  0.03853039907306602
3  62  2  0.03955503008126333
3  61  2  0.039530652115178054
3  60  2  0.044212639348514285
3  59  2  0.03641203218123841
3  58  2  0.04269862814489031
3  57  2  0.04090071464503941
3  56  2  0.048113313221770836
3  55  2  0.03133154084566937
3  54  2  0.033468361069684135
3  53  2  0.03342359339450692
3  52  2  0.03395098772601135
3  51  2  0.02525964038823753
3  50  2  0.04494339402084887
3  49  2  0.03468720275474056
3  48  2  0.03761991691721265
3  47  2  0.03769926760447853
3  46  2  0.03529676741005643
3  45  2  0.02608869959382163
3  44  2  0.033661131353898276
3  43  2  0.024074208565285346
3  42  2  0.032794431699007455
3  41  2  0.027618258431891474
3  40  2  0.028138602539647922
3  39  2  0.02615552837710338
3  38  2  0.02677468206144237
3  37  2  0.029503211507419608
3  36  2  0.02696820424873533
3  35  2  0.01900745531428275
3  34  2  0.03552769224598357
3  33  2  0.027236971098348755
3  32  2  0.03437104336347901
3  31  2  0.023649965371213125
3  30  2  0.03793452267741378
3  29  2  0.020681660374754583
3  28  2  0.02551771979619762
3  27  2  0.037215053345566275
3  26  2  0.03494782096797578
3  25  2  0.029133084952106935
3  24  2  0.029326154185737936
3  23  2  0.02524898465334053
3  22  2  0.030700116646628563
3  21  2  0.04293342120509037
3  20  2  0.04034216389589885
3  19  2  0.02966520585507364
3  18  2  0.04788004208587487
3  17  2  0.0346297116111996
3  16  2  0.03805692208070988
3  15  2  0.03742420243419594
3  14  2  0.0403533020264458
3  13  2  0.031554052067326074
3  12  2  0.03484434596867529
3  11  2  0.0353876616213967
3  10  2  0.04414894047503651
3  9  2  0.042993478331126184
3  8  2  0.038859442731241284
3  7  2  0.027053518070960594
3  6  2  0.05417832651877297
3  5  2  0.04123015237290058
3  4  2  0.041308821364905234
3  3  2  0.032352570872254315
3  2  2  0.04506925172535384
3  1  2  0.03607158994416058
3  0  2  0.05383857050649295
2  0  2  0.04158183918463591
2  1  2  0.029120816702173435
2  2  2  0.04119185061124742
2  3  2  0.04046309799409859
2  4  2  0.04422891850312418
2  5  2  0.04985250580888862
2  6  2  0.041806005951927
2  7  2  0.038117907761752674
2  8  2  0.03636630650906619
2  9  2  0.04220739083944976
2  10  2  0.0338195133960984
2  11  2  0.027344454737557356
2  12  2  0.04021602536012349
2  13  2  0.04164993623817105
2  14  2  0.04677749398875165
2  15  2  0.03259161943210824
2  16  2  0.03327972398763514
2  17  2  0.03706616974165689
2  18  2  0.023374365715609437
2  19  2  0.02807997448241552
2  20  2  0.027761106428255588
2  21  2  0.03779227484465175
2  22  2  0.03182650369497932
2  23  2  0.03165434280238317
2  24  2  0.034249518160750454
2  25  2  0.03235222209793461
2  26  2  0.029342650758105597
2  27  2  0.029546738089563145
2  28  2  0.028791254412055257
2  29  2  0.03698690058605015
2  30  2  0.02858510840620422
2  31  2  0.0458406318116273
2  32  2  0.03174888782023865
2  33  2  0.038589649941583586
2  34  2  0.03230633562721242
2  35  2  0.026150930897434744
2  36  2  0.02701955560538879
2  37  2  0.034092984169491004
2  38  2  0.033322827058104784
2  39  2  0.029053174867068557
2  40  2  0.03199976979451061
2  41  2  0.02677431743374452
2  42  2  0.02888803475623238
2  43  2  0.033548493102016866
2  44  2  0.03849500980345912
2  45  2  0.03594863340786031
2  46  2  0.029725566460062965
2  47  2  0.036346118364353794
2  48  2  0.03134979034870869
2  49  2  0.02517172434722447
2  50  2  0.030835257636434854
2  51  2  0.044344208798696216
2  52  2  0.03290198101649705
2  53  2  0.03953758230620563
2  54  2  0.03356399544109656
2  55  2  0.033579726521775516
2  56  2  0.0388753504638484
2  57  2  0.03821791993030767
2  58  2  0.0388818594079704
2  59  2  0.042931500681563775
2  60  2  0.036242423682527274
2  61  2  0.0408148255716635
2  63  2  0.043361290293226384
1  62  2  0.04976526820039858
1  60  2  0.032655349890107085
1  61  2  0.045948609286969616
1  58  2  0.042897015559010834
1  59  2  0.039503346933740226
1  56  2  0.03980438493904627
1  57  2  0.031864353445591354
1  54  2  0.03438892480523823
1  55  2  0.04418770745837715
1  52  2  0.03401374033300229
1  53  2  0.03191605081124315
1  50  2  0.03146604065359495
1  51  2  0.029927717791233804
1  48  2  0.03055247783828394
1  49  2  0.0289272150101814
1  46  2  0.0317381537211336
1  47  2  0.03790499232277425
1  44  2  0.036156351318224554
1  45  2  0.034712200237569296
1  42  2  0.026643603385421866
1  43  2  0.03580317864221642
1  40  2  0.025505651905320385
1  41  2  0.03364139601750251
1  38  2  0.039371871635590756
1  39  2  0.03339499788257493
1  36  2  0.022500352034333607
1  37  2  0.029626630938023205
1  34  2  0.03330707165437972
1  35  2  0.030671959812820324
1  32  2  0.024559237711152187
1  33  2  0.03203985466228712
1  30  2  0.02311789189587269
1  31  2  0.04769341922014792
1  28  2  0.03303161832060595
1  29  2  0.03591994374282339
1  26  2  0.03213906708252475
1  27  2  0.021971552532732277
1  24  2  0.02361645221846509
1  25  2  0.035009188518978815
1  22  2  0.029548904617516802
1  23  2  0.027081052653327886
1  20  2  0.027989337568856507
1  21  2  0.03450428727315734
1  18  2  0.033366533510764754
1  19  2  0.027635106521583058
1  16  2  0.024102065520260264
1  17  2  0.03630829156229099
1  14  2  0.026493840362244066
1  15  2  0.03056314296411132
1  12  2  0.028796872518199415
1  13  2  0.03942541359116212
1  10  2  0.02951088466513979
1  11  2  0.03280902074564909
1  8  2  0.024570558794554997
1  9  2  0.04569826145004533
1  6  2  0.027907770872615943
1  7  2  0.03658939497035804
1  4  2  0.029826718933343956
1  5  2  0.03444061054043658
1  2  2  0.028620015190629622
1  3  2  0.029086191678594137
1  0  2  0.04486872168274668
1  1  2  0.03781883624959639
0  1  2  0.03743096295263016
0  0  2  0.04028364336106816
0  3  2  0.03565849580111214
0  2  2  0.044256973787033145
0  5  2  0.02644579495898026
0  4  2  0.03587293810209934
0  7  2  0.03703950049772465
0  6  2  0.03166978991566646
0  9  2  0.026509992736016237
0  8  2  0.04058384397372471
0  11  2  0.033684984630998546
0  10  2  0.03713787785140349
0  13  2  0.03238802624330531
0  12  2  0.030732000865787906
0  15  2  0.03362154748561918
0  14  2  0.03350225625051962
0  17  2  0.027664287329326673
0  16  2  0.031489252712620354
0  19  2  0.024842078708966937
0  18  2  0.03450191698674114
0  21  2  0.03636912581218489
0  20  2  0.03294322222209075
0  23  2  0.021939119850199855
0  22  2  0.03207667202577584
0  25  2  0.028174729323178913
0  24  2  0.030642699917993142
0  27  2  0.025009201346986545
0  26  2  0.02737369114514151
0  29  2  0.02406643911520636
0  28  2  0.02419440899468147
0  31  2  0.02926621946777848
0  30  2  0.03327273622966042
0  33  2  0.03390755661895776
0  32  2  0.024785759401108127
0  35  2  0.02821068603311121
0  34  2  0.035908015549749706
0  37  2  0.03554860895068436
0  36  2  0.03751607228499618
0  39  2  0.03280199827784695
0  38  2  0.052151483685626145
0  41  2  0.03738529016187323
0  40  2  0.03773023312900953
0  43  2  0.032054978903972985
0  42  2  0.028780289817649057
0  45  2  0.04435002206693432
0  44  2  0.043817900907823414
0  47  2  0.03212449877651451
0  46  2  0.045318573666227754
0  49  2  0.03805290610385111
0  48  2  0.04337654380755316
0  51  2  0.0354738809610812
0  50  2  0.028667032461807133
0  53  2  0.041628481999586006
0  52  2  0.054833582559184045
0  55  2  0.04098391296419431
0  54  2  0.04388699510576812
0  57  2  0.04327684756045136
0  56  2  0.03738604614134844
0  59  2  0.03648967313625866
0  58  2  0.0490553825383476
0  61  2  0.05009099533232007
0  60  2  0.054095472112664245
0  63  2  0.04234813724254758
0  62  2  0.04974322616499176
-1  63  2  0.06595166802721307
-1  63  3  0.06826841408826828
3  63  3  0.036140344028961824
3  62  3  0.044469494622174616
3  61  3  0.04113044640977837
3  60  3  0.05665508034603764
3  59  3  0.04309834777635886
3  58  3  0.03976145166255064
3  57  3  0.053953353712790336
3  56  3  0.05566659456332701
3  55  3  0.03298969859733068
3  54  3  0.04195826458227701
3  53  3  0.035423453088059505
3  52  3  0.05009587391761715
3  51  3  0.030822008503392822
3  50  3  0.03380775386425554
3  49  3  0.03458902393771078
3  48  3  0.03815959088102153
3  47  3  0.035563252067275765
3  46  3  0.03131944591608974
3  45  3  0.026887342347298632
3  44  3  0.03415835538370723
3  43  3  0.04186410578551235
3  42  3  0.02716558179349747
3  41  3  0.03136396073032134
3  40  3  0.03395125176291996
3  39  3  0.032594537428260136
3  38  3  0.035239728879953976
3  37  3  0.02439464501472102
3  36  3  0.02681005959029505
3  35  3  0.022676106863180723
3  34  3  0.03135580068984177
3  33  3  0.03182615977040876
3  32  3  0.03613999431294126
3  31  3  0.027387303992297756
3  30  3  0.032264569154021094
3  29  3  0.0253810818202343
3  28  3  0.02511344370135086
3  27  3  0.028356147391853968
3  26  3  0.03705223303609378
3  25  3  0.020562241651637017
3  24  3  0.02247434313701496
3  23  3  0.021040305693503018
3  22  3  0.029691777885659267
3  21  3  0.029344655592258215
3  20  3  0.02473416098467506
3  19  3  0.029042507675808096
3  18  3  0.0445698182846862
3  17  3  0.02910835292552408
3  16  3  0.027720016192236505
3  15  3  0.037098810278138904
3  14  3  0.0470713280126279
3  13  3  0.0341278269685284
3  12  3  0.03682327440579127
3  11  3  0.03712565994979384
3  10  3  0.04293433096271925
3  9  3  0.02978060799664922
3  8  3  0.03730590717361808
3  7  3  0.03269520408148421
3  6  3  0.060770206694045495
3  5  3  0.045624095514648154
3  4  3  0.04031922629763983
3  3  3  0.03390717857725278
3  2  3  0.04676549238557643
3  1  3  0.05052076094843476
3  0  3  0.061431918723858704
2  0  3  0.07096836972371919
2  1  3  0.06973663403101998
2  2  3  0.05667852925356961
2  3  3  0.06740734599258469
2  4  3  0.05382573426652066
2  5  3  0.07215700067511582
2  6  3  0.04991331318781079
2  7  3  0.05487470747017087
2  8  3  0.051652917246050714
2  9  3  0.041920105184188164
2  10  3  0.05070687712445009
2  11  3  0.036974466056907886
2  12  3  0.02903546403647103
2  13  3  0.04893762342462144
2  14  3  0.042076899016941685
2  15  3  0.04378977221730291
2  16  3  0.030069937475884455
2  17  3  0.04176530652616726
2  18  3  0.029324289117599704
2  19  3  0.04053787503064408
2  20  3  0.030387264412688235
2  21  3  0.03345596644881108
2  22  3  0.028760831597176507
2  23  3  0.027311402165221477
2  24  3  0.03078267441815801
2  25  3  0.04476896362423651
2  26  3  0.0358553927252916
2  27  3  0.02977884372416093
2  28  3  0.033670544128652995
2  29  3  0.03146966912284173
2  30  3  0.025261064213872943
2  31  3  0.04183314695061591
2  32  3  0.026693673650300967
2  33  3  0.03476311750463489
2  34  3  0.027754292845789487
2  35  3  0.032398743533906794
2  36  3  0.03465409129345797
2  37  3  0.03211905814646913
2  38  3  0.026758245575019074
2  39  3  0.03539577844527916
2  40  3  0.03039304593587417
2  41  3  0.02619415363386629
2  42  3  0.027665137678241955
2  43  3  0.03865068632819185
2  44  3  0.028671176515061143
2  45  3  0.03417708088319239
2  46  3  0.02924309895659723
2  47  3  0.029625062829430615
2  48  3  0.032421564746017255
2  49  3  0.03322437822304635
2  50  3  0.033355062168034584
2  51  3  0.04357445475357136
2  52  3  0.035674212925412535
2  53  3  0.03717449241181767
2  54  3  0.03733652525957142
2  55  3  0.03542123597815998
2  56  3  0.044217371789049144
2  57  3  0.04248422402657329
2  58  3  0.039896374793403404
2  59  3  0.05412256246427352
2  60  3  0.040004015591114286
2  61  3  0.05311711545456605
2  63  3  0.04590111543831376
1  62  3  0.04982719622948132
1  60  3  0.05301590698349403
1  61  3  0.06037913205734862
1  58  3  0.04561353612087219
1  59  3  0.05508255872307249
1  56  3  0.04755432413287537
1  57  3  0.05026718046359792
1  54  3  0.04089873775790641
1  55  3  0.044079197798739686
1  52  3  0.04090130601787768
1  53  3  0.0460180109564951
1  50  3  0.0359986781280668
1  51  3  0.03648907811245118
1  48  3  0.034164798091207746
1  49  3  0.03675748976292341
1  46  3  0.03711078216808378
1  47  3  0.04701555446115781
1  44  3  0.030492613584415254
1  45  3  0.027046739778824814
1  42  3  0.03212333049053423
1  43  3  0.03916858266789065
1  40  3  0.03150679855918758
1  41  3  0.0347702499508854
1  38  3  0.02807354055927852
1  39  3  0.03190604192995218
1  36  3  0.025247210812487184
1  37  3  0.028510678819545252
1  34  3  0.032666797561958935
1  35  3  0.03756257280247492
1  32  3  0.022980543366126035
1  33  3  0.035894143775816685
1  30  3  0.02711637238004211
1  31  3  0.048470172284773655
1  28  3  0.024036826916545656
1  29  3  0.0372414287457904
1  26  3  0.027007769638151727
1  27  3  0.023797938387628545
1  24  3  0.029315244409305892
1  25  3  0.03544200896610589
1  22  3  0.04018038452527741
1  23  3  0.024640816624520636
1  20  3  0.025586862006875943
1  21  3  0.03954131504455257
1  18  3  0.0398872658341019
1  19  3  0.037363639467731885
1  16  3  0.03484575252151946
1  17  3  0.04038801481430395
1  14  3  0.04276694512905797
1  15  3  0.0446398807570143
1  12  3  0.04014902896684817
1  13  3  0.039397179167939535
1  10  3  0.051504260496227826
1  11  3  0.03636455785543386
1  8  3  0.04571751979261094
1  9  3  0.05874903704042787
1  6  3  0.04329230857867042
1  7  3  0.05437786331657535
1  4  3  0.052617162073537185
1  5  3  0.07786772444155063
1  2  3  0.05463910899953072
1  3  3  0.05966090225311011
1  0  3  0.06477863259681771
1  1  3  0.06938100668503383
0  1  3  0.0853127445603312
0  0  3  0.1058609226131143
0  3  3  0.08399260196814992
0  2  3  0.07503525175870972
0  5  3  0.08255161348719123
0  4  3  0.08817684339461128
0  7  3  0.06612057454165715
0  6  3  0.07045994171873055
0  9  3  0.06412422476495208
0  8  3  0.08233740826274842
0  11  3  0.06206717195635682
0  10  3  0.06804337049212406
0  13  3  0.05402112678459584
0  12  3  0.06779010967658397
0  15  3  0.05286142211106333
0  14  3  0.0540543622523571
0  17  3  0.04178093743165989
0  16  3  0.04295387267920336
0  19  3  0.032020175213185495
0  18  3  0.04578877595188771
0  21  3  0.031686588625290814
0  20  3  0.03431519321139214
0  23  3  0.030671720047125053
0  22  3  0.04031308903403311
0  25  3  0.04282359876029109
0  24  3  0.026835480220393414
0  27  3  0.024193443302335145
0  26  3  0.026752730979064065
0  29  3  0.028677209828162815
0  28  3  0.03192772022784273
0  31  3  0.025431852563785683
0  30  3  0.03035121924224478
0  33  3  0.03490076835295575
0  32  3  0.02410306998427038
0  35  3  0.022636890243538037
0  34  3  0.03156299645482505
0  37  3  0.028067639732764146
0  36  3  0.03288085562178232
0  39  3  0.026216337303863385
0  38  3  0.03102271953256983
0  41  3  0.03592990477833713
0  40  3  0.03643159608682806
0  43  3  0.037240576615171474
0  42  3  0.0368018504011887
0  45  3  0.036934348404752605
0  44  3  0.02955399289447226
0  47  3  0.026827239001705583
0  46  3  0.04065042831972314
0  49  3  0.038382578809160815
0  48  3  0.04568172555936997
0  51  3  0.043298589184847844
0  50  3  0.04342031806134184
0  53  3  0.05609081201423279
0  52  3  0.04311852140486601
0  55  3  0.04247478538153163
0  54  3  0.041069026211565114
0  57  3  0.040286385776476016
0  56  3  0.040055607916987555
0  59  3  0.04609460776728328
0  58  3  0.04731833854475754
0  61  3  0.059586982888946316
0  60  3  0.05586852223021314
0  63  3  0.050894813829219655
0  62  3  0.0605197502248328
-1  63  3  0.07478639638726083
-1  63  4  0.08256501830501517
3  63  4  0.05395672839755477
3  62  4  0.05007692843856915
3  61  4  0.05846293372282076
3  60  4  0.04148971579899792
3  59  4  0.0457729155662391
3  58  4  0.04782220339953004
3  57  4  0.04148775960989244
3  56  4  0.041924559362922734
3  55  4  0.049206106814412544
3  54  4  0.05940704941086031
3  53  4  0.04300488930714727
3  52  4  0.04657559738133963
3  51  4  0.04207945312414598
3  50  4  0.04179809337130158
3  49  4  0.03786695395289252
3  48  4  0.03897121803422743
3  47  4  0.03341123838199698
3  46  4  0.04228005354728488
3  45  4  0.036759820949826535
3  44  4  0.023464784783270482
3  43  4  0.029091608677786655
3  42  4  0.030199430315442265
3  41  4  0.024269866314839312
3  40  4  0.03705717103127781
3  39  4  0.0226868821416242
3  38  4  0.028228821901960688
3  37  4  0.028547421612800005
3  36  4  0.029057095245895805
3  35  4  0.02483896094278003
3  34  4  0.03544806309639273
3  33  4  0.027819775290070074
3  32  4  0.04066446544419359
3  31  4  0.028277971736824527
3  30  4  0.031633365951205146
3  29  4  0.029199024001997528
3  28  4  0.021487668189328176
3  27  4  0.03159103476595602
3  26  4  0.040035132797318594
3  25  4  0.025956323087445294
3  24  4  0.030035061409136508
3  23  4  0.02724119151091963
3  22  4  0.033127481247038806
3  21  4  0.034759722635426656
3  20  4  0.04033680610338007
3  19  4  0.03299404020404869
3  18  4  0.04044915391873637
3  17  4  0.0482704835081937
3  16  4  0.04273605103206155
3  15  4  0.03244136542595042
3  14  4  0.05797125329452812
3  13  4  0.04398360946690475
3  12  4  0.05216007375012489
3  11  4  0.05308119604593413
3  10  4  0.05695933394448644
3  9  4  0.04678359770837398
3  8  4  0.03971990622879125
3  7  4  0.046519040639516736
3  6  4  0.059938997454987736
3  5  4  0.04963437683594946
3  4  4  0.04589214505878273
3  3  4  0.04235337095471321
3  2  4  0.06183720586237565
3  1  4  0.05214261744686619
3  0  4  0.05930832488860612
2  0  4  0.05062568850410192
2  1  4  0.05344953384898167
2  2  4  0.032754180606236784
2  3  4  0.04280199654784897
2  4  4  0.04787106144007624
2  5  4  0.05510657075130555
2  6  4  0.04451462843792481
2  7  4  0.046829262351907895
2  8  4  0.04119644150057549
2  9  4  0.04603628678298943
2  10  4  0.03348650264111263
2  11  4  0.03742883295519194
2  12  4  0.0377705988004976
2  13  4  0.03975193824180485
2  14  4  0.039575629112021116
2  15  4  0.04448173738244004
2  16  4  0.0341679264095733
2  17  4  0.030175720276367834
2  18  4  0.02669219334122366
2  19  4  0.036730632180644034
2  20  4  0.02989591753800237
2  21  4  0.04202686945375213
2  22  4  0.03504340273668496
2  23  4  0.022888390628679624
2  24  4  0.026070818508979455
2  25  4  0.03549403820908061
2  26  4  0.0267964176027768
2  27  4  0.02308626219135991
2  28  4  0.03299430398611184
2  29  4  0.04618954649603389
2  30  4  0.03426970660192184
2  31  4  0.02877087770125127
2  32  4  0.03298524902484674
2  33  4  0.036434082782800394
2  34  4  0.0412556594065753
2  35  4  0.03849992352414261
2  36  4  0.03714090899737782
2  37  4  0.02806029784457167
2  38  4  0.02369914931049253
2  39  4  0.036866384234629894
2  40  4  0.037876916978074125
2  41  4  0.0335368966869469
2  42  4  0.03716070432388677
2  43  4  0.038087716196203304
2  44  4  0.03755426949646046
2  45  4  0.04967660530959882
2  46  4  0.033210371842440384
2  47  4  0.06061906496346
2  48  4  0.03929508638326613
2  49  4  0.03689476531714116
2  50  4  0.042045114768845704
2  51  4  0.04803190780537943
2  52  4  0.05017723565320222
2  53  4  0.04146017687663426
2  54  4  0.04976694949905028
2  55  4  0.056146147533950745
2  56  4  0.052355319163946396
2  57  4  0.062499775049207486
2  58  4  0.05700395279718594
2  59  4  0.06621086653679537
2  60  4  0.04542636662847865
2  61  4  0.060980147592593646
2  63  4  0.04941792614547619
1  62  4  0.04823939875161199
1  60  4  0.03203209792803954
1  61  4  0.03378764781961471
1  58  4  0.028536581173424995
1  59  4  0.03314998309672726
1  56  4  0.048231538242277806
1  57  4  0.030586170788617605
1  54  4  0.03879160370778881
1  55  4  0.03698641679426128
1  52  4  0.03446021911780879
1  53  4  0.032797871704307716
1  50  4  0.023215548601832437
1  51  4  0.026772640988971152
1  48  4  0.025595799536167446
1  49  4  0.030091919703272213
1  46  4  0.03134522986647336
1  47  4  0.03661197810557932
1  44  4  0.029831044429538454
1  45  4  0.02570974735219911
1  42  4  0.03313850527463365
1  43  4  0.0265203334240007
1  40  4  0.025764600893982314
1  41  4  0.028429559969223563
1  38  4  0.017924692747343717
1  39  4  0.03419938080571769
1  36  4  0.026898847749810814
1  37  4  0.02225459024723495
1  34  4  0.027259484961132032
1  35  4  0.025089789720244414
1  32  4  0.023348861854496496
1  33  4  0.026694937759709606
1  30  4  0.039211574211980856
1  31  4  0.04420695746317262
1  28  4  0.0343855763125576
1  29  4  0.027031559759754624
1  26  4  0.023602140278613546
1  27  4  0.020381843611240298
1  24  4  0.03035572726732184
1  25  4  0.02557478807438294
1  22  4  0.028018679565010782
1  23  4  0.031579667709283436
1  20  4  0.02925648801528985
1  21  4  0.03462183266818545
1  18  4  0.03320245877283412
1  19  4  0.031188933864417463
1  16  4  0.02035280531272972
1  17  4  0.03558127313132532
1  14  4  0.03134322654544242
1  15  4  0.036501588463678875
1  12  4  0.03300017016678994
1  13  4  0.042179724713556514
1  10  4  0.029281225210652215
1  11  4  0.030287247199953057
1  8  4  0.036885228137268015
1  9  4  0.04743133839205728
1  6  4  0.03569117487954293
1  7  4  0.041419256165061535
1  4  4  0.04198471508700237
1  5  4  0.05000290278868272
1  2  4  0.043164796843810554
1  3  4  0.039910166506591564
1  0  4  0.04136900311573191
1  1  4  0.044136804265447104
0  1  4  0.0532438474616879
0  0  4  0.06398644827284632
0  3  4  0.0371616248367999
0  2  4  0.04874662090941356
0  5  4  0.03717881692884526
0  4  4  0.05219191911223159
0  7  4  0.045341793241173795
0  6  4  0.04793973346598519
0  9  4  0.03738459224984491
0  8  4  0.041979555241690183
0  11  4  0.03507002954680483
0  10  4  0.05625472808626176
0  13  4  0.0440965998546958
0  12  4  0.046422009567795165
0  15  4  0.034835815937960084
0  14  4  0.04043167064310816
0  17  4  0.03506003019041668
0  16  4  0.03562569609755628
0  19  4  0.03229598680770297
0  18  4  0.04517636278516746
0  21  4  0.02684126397469147
0  20  4  0.03640075217434543
0  23  4  0.026736923721635997
0  22  4  0.032103941504888316
0  25  4  0.03210194804029542
0  24  4  0.03300261702753253
0  27  4  0.032557379544433634
0  26  4  0.040340252180318684
0  29  4  0.032487756130252614
0  28  4  0.02873985295916335
0  31  4  0.036571428719496736
0  30  4  0.03863434177480531
0  33  4  0.031935955767321
0  32  4  0.029295694461689954
0  35  4  0.02785073818141464
0  34  4  0.0426289762310458
0  37  4  0.028356590294329093
0  36  4  0.03363353994680293
0  39  4  0.03722652948127092
0  38  4  0.02976000168828015
0  41  4  0.03726405540498579
0  40  4  0.04414990839981676
0  43  4  0.030258096784459794
0  42  4  0.03724457169109694
0  45  4  0.04030101370049497
0  44  4  0.03735650386555009
0  47  4  0.04221003818873809
0  46  4  0.030161614576629022
0  49  4  0.03900634838740175
0  48  4  0.033937411467361865
0  51  4  0.038001836897230024
0  50  4  0.0437404128251481
0  53  4  0.04696580403893154
0  52  4  0.043898214398114095
0  55  4  0.042083156261892914
0  54  4  0.04587699289834225
0  57  4  0.04958396967459403
0  56  4  0.05770331892806306
0  59  4  0.04984321863605174
0  58  4  0.041994684874076364
0  61  4  0.060405338210321964
0  60  4  0.05862213608183508
0  63  4  0.052558613104726315
0  62  4  0.0816996945511551
-1  63  4  0.04687939264666463
-1  63  5  0.07361980515703957
3  63  5  0.04990049550223769
3  62  5  0.0651285847901809
3  61  5  0.049468539044729504
3  60  5  0.05218186251264792
3  59  5  0.047535014306550785
3  58  5  0.04534374251794063
3  57  5  0.057391420321881104
3  56  5  0.04738065575345269
3  55  5  0.06492417021119427
3  54  5  0.05073767655887383
3  53  5  0.05944815160004292
3  52  5  0.044424922187692686
3  51  5  0.04127011760222253
3  50  5  0.046679140167112554
3  49  5  0.04636204679738395
3  48  5  0.04605121570414068
3  47  5  0.032937303300247175
3  46  5  0.0295559060211269
3  45  5  0.0384741939574891
3  44  5  0.041203801219202515
3  43  5  0.03467168436505889
3  42  5  0.02916483013574969
3  41  5  0.030541642712980255
3  40  5  0.03381952493678431
3  39  5  0.020330860283636544
3  38  5  0.02778452315199233
3  37  5  0.02510245247484192
3  36  5  0.028651025818324665
3  35  5  0.025201610654414765
3  34  5  0.026315501365914616
3  33  5  0.01920039867921392
3  32  5  0.0396412460527903
3  31  5  0.030608969216196814
3  30  5  0.02395180838765225
3  29  5  0.026905957634960103
3  28  5  0.03080791602159048
3  27  5  0.025089770896225827
3  26  5  0.039863163132073526
3  25  5  0.02893633438502395
3  24  5  0.03810484151550363
3  23  5  0.030073788317999745
3  22  5  0.05183825758917596
3  21  5  0.04727897813255435
3  20  5  0.03582463930726899
3  19  5  0.0394868359390325
3  18  5  0.048897345369408984
3  17  5  0.040202258841489424
3  16  5  0.04892914423443637
3  15  5  0.039334399192340844
3  14  5  0.059303153650343964
3  13  5  0.0527644604684242
3  12  5  0.050243205145164234
3  11  5  0.05444948626358583
3  10  5  0.07066699648688352
3  9  5  0.04582963611281176
3  8  5  0.03916999099793693
3  7  5  0.05359458240201622
3  6  5  0.07990280434024989
3  5  5  0.06533569458546917
3  4  5  0.06315073663400406
3  3  5  0.06285954546476799
3  2  5  0.08600082731317477
3  1  5  0.08595559455263313
3  0  5  0.10880709143161342
2  0  5  0.08556236483788092
2  1  5  0.07874844554189656
2  2  5  0.062362181966783364
2  3  5  0.06349052606865936
2  4  5  0.04646167136656032
2  5  5  0.061591157923855465
2  6  5  0.054042588286684456
2  7  5  0.05724060070497048
2  8  5  0.044296798635708755
2  9  5  0.04923894880181866
2  10  5  0.05359102940383066
2  11  5  0.04957799295057488
2  12  5  0.03537236091884598
2  13  5  0.04614116561862712
2  14  5  0.043563062324398355
2  15  5  0.059530217420930266
2  16  5  0.04661759080144705
2  17  5  0.05100455453340218
2  18  5  0.04503058650767885
2  19  5  0.033694387215729385
2  20  5  0.0351620777993207
2  21  5  0.048625278517583255
2  22  5  0.038319420575447176
2  23  5  0.03414173453015348
2  24  5  0.038212235338627956
2  25  5  0.03727483676522906
2  26  5  0.03973623016259502
2  27  5  0.03254450950743594
2  28  5  0.030656587829082035
2  29  5  0.04094748849257684
2  30  5  0.02914204735516809
2  31  5  0.033446924173238704
2  32  5  0.03025914185856743
2  33  5  0.03591658368181867
2  34  5  0.034605482821690015
2  35  5  0.036142698267533524
2  36  5  0.03052092001511967
2  37  5  0.03577639259180213
2  38  5  0.03332903306853584
2  39  5  0.03233957463451978
2  40  5  0.032151636029968796
2  41  5  0.04163122971332382
2  42  5  0.04068881803760377
2  43  5  0.028281113240081698
2  44  5  0.03598545700482578
2  45  5  0.03404785194353291
2  46  5  0.04315376443315527
2  47  5  0.040667570358480946
2  48  5  0.0353441900493273
2  49  5  0.03353038447560391
2  50  5  0.04678705194050007
2  51  5  0.042390586985164846
2  52  5  0.042626378569236
2  53  5  0.04535984350576036
2  54  5  0.041947305931856825
2  55  5  0.040641391605359185
2  56  5  0.05126336092102351
2  57  5  0.05380550768612121
2  58  5  0.04965457459220485
2  59  5  0.0689937452714608
2  60  5  0.04797930313638902
2  61  5  0.06191028559597526
2  63  5  0.06939788709673538
1  62  5  0.05475021288065661
1  60  5  0.04618654138566672
1  61  5  0.04621669275186175
1  58  5  0.03479809649081363
1  59  5  0.05369533679515821
1  56  5  0.032984196117504236
1  57  5  0.03644664182747324
1  54  5  0.040580333539230816
1  55  5  0.03681946201622886
1  52  5  0.032127788249118425
1  53  5  0.037114487317463446
1  50  5  0.02862374625726526
1  51  5  0.04431834916326014
1  48  5  0.0324541161945981
1  49  5  0.0477615770128947
1  46  5  0.034155506405626666
1  47  5  0.03235130585285685
1  44  5  0.040394190056611955
1  45  5  0.04787825116610183
1  42  5  0.03342928021165416
1  43  5  0.030752355150850234
1  40  5  0.04061182523545042
1  41  5  0.037956139436862504
1  38  5  0.03486561713064172
1  39  5  0.03610312711851375
1  36  5  0.03312927411801357
1  37  5  0.030986088832443335
1  34  5  0.0319281227028338
1  35  5  0.024310198252913737
1  32  5  0.034290567075228935
1  33  5  0.03539711979084342
1  30  5  0.02959172145180249
1  31  5  0.04233770979589759
1  28  5  0.02345970916557683
1  29  5  0.02981984174399784
1  26  5  0.03489546552892885
1  27  5  0.028877054089452486
1  24  5  0.032182894475952045
1  25  5  0.03153353487583078
1  22  5  0.02320313655121396
1  23  5  0.03133588830768446
1  20  5  0.03422692442462208
1  21  5  0.04380912070364787
1  18  5  0.0388995378747102
1  19  5  0.03401224863630804
1  16  5  0.034956689283758946
1  17  5  0.04518972364629662
1  14  5  0.046927484548733786
1  15  5  0.04356889866133901
1  12  5  0.040222928357629556
1  13  5  0.04255720883330552
1  10  5  0.044504996784477766
1  11  5  0.04226890941962651
1  8  5  0.042910207649654156
1  9  5  0.05528299042981478
1  6  5  0.05375469426767562
1  7  5  0.03413898859528751
1  4  5  0.04826842535662244
1  5  5  0.062488813083911444
1  2  5  0.05868182015035282
1  3  5  0.06665005548534257
1  0  5  0.06296143332527535
1  1  5  0.07957047336086519
0  1  5  0.06468279033330672
0  0  5  0.07469410066212077
0  3  5  0.052920155834754255
0  2  5  0.07322032902843206
0  5  5  0.05608004324942647
0  4  5  0.05731622987347673
0  7  5  0.044434194396271214
0  6  5  0.04668636087393098
0  9  5  0.04114628970991985
0  8  5  0.05542174003666371
0  11  5  0.04200504618552776
0  10  5  0.05747104405067461
0  13  5  0.040745388031715984
0  12  5  0.039126589296126474
0  15  5  0.03662622666082168
0  14  5  0.046690549102289904
0  17  5  0.035421141510325646
0  16  5  0.042742576718080134
0  19  5  0.026119335970710807
0  18  5  0.040715479039847284
0  21  5  0.03137275586646201
0  20  5  0.03840192884030203
0  23  5  0.02483348442345296
0  22  5  0.04441051927207563
0  25  5  0.023920823897669984
0  24  5  0.031579474505642725
0  27  5  0.029578269676691357
0  26  5  0.05146342796369283
0  29  5  0.03355844876138342
0  28  5  0.02968631045639472
0  31  5  0.026883488899266925
0  30  5  0.03763877691771367
0  33  5  0.028223162089428905
0  32  5  0.03015226055629809
0  35  5  0.03747483007589978
0  34  5  0.042977035098908954
0  37  5  0.03537522854168959
0  36  5  0.030080975843182176
0  39  5  0.03593048630961454
0  38  5  0.03487042341353279
0  41  5  0.0359254231099376
0  40  5  0.03115448081940203
0  43  5  0.03425270335797017
0  42  5  0.034308505199120355
0  45  5  0.0433617897994929
0  44  5  0.04251586462072073
0  47  5  0.03652251468658654
0  46  5  0.03690364831473516
0  49  5  0.04113771450625439
0  48  5  0.040297334852068566
0  51  5  0.031180708145253817
0  50  5  0.03605274961478675
0  53  5  0.04612011627779363
0  52  5  0.031393614600985664
0  55  5  0.0414447397603854
0  54  5  0.03947942087418995
0  57  5  0.043460620354795844
0  56  5  0.05620824957308019
0  59  5  0.045687623529896394
0  58  5  0.03958864201686252
0  61  5  0.04033029776044898
0  60  5  0.05741884146827039
0  63  5  0.05131789187570674
0  62  5  0.054529405021886496
-1  63  5  0.06910631568822895
-1  63  6  0.07781169827156326
3  63  6  0.04179183494813906
3  62  6  0.05397711542842186
3  61  6  0.05715052050336607
3  60  6  0.048544077807893736
3  59  6  0.04052043698450603
3  58  6  0.04316517462988453
3  57  6  0.04077910298994779
3  56  6  0.04376707131160844
3  55  6  0.030457025867658492
3  54  6  0.04304290076934576
3  53  6  0.04330065577152677
3  52  6  0.040283394842531926
3  51  6  0.03924242178325766
3  50  6  0.03523266359287542
3  49  6  0.028781523174036757
3  48  6  0.04326985389013375
3  47  6  0.04173925510322428
3  46  6  0.029010660889708686
3  45  6  0.038347975213617824
3  44  6  0.029893808299502594
3  43  6  0.03616989332311114
3  42  6  0.033274389566238516
3  41  6  0.03481531305676969
3  40  6  0.03547301661983447
3  39  6  0.034733340892721044
3  38  6  0.026448901591084713
3  37  6  0.027271993037164908
3  36  6  0.025104544050388044
3  35  6  0.02868684908641482
3  34  6  0.0362169640910934
3  33  6  0.032990258526864005
3  32  6  0.034380118640875194
3  31  6  0.028179576636412993
3  30  6  0.0237933384169088
3  29  6  0.025937887682417483
3  28  6  0.03489695662511482
3  27  6  0.025112743079734733
3  26  6  0.03333159241277494
3  25  6  0.03449836323823584
3  24  6  0.03375195696464382
3  23  6  0.02453575395233622
3  22  6  0.0327390981005257
3  21  6  0.02940842938806301
3  20  6  0.026374008964813584
3  19  6  0.03845090951737259
3  18  6  0.039488075398840757
3  17  6  0.033640617409411225
3  16  6  0.041391981566700445
3  15  6  0.030152830094775047
3  14  6  0.039792830917508806
3  13  6  0.035921223425587616
3  12  6  0.03478318319549904
3  11  6  0.03612510459563526
3  10  6  0.04498094463153333
3  9  6  0.040968827350617694
3  8  6  0.03618853942965191
3  7  6  0.030855893461986597
3  6  6  0.04960408222384391
3  5  6  0.04342861773700202
3  4  6  0.04174589500261229
3  3  6  0.02993362956641245
3  2  6  0.05261565958025682
3  1  6  0.043227258822250904
3  0  6  0.053534816546799945
2  0  6  0.06113017252877578
2  1  6  0.048710111551429826
2  2  6  0.05135547466173361
2  3  6  0.047161469461132255
2  4  6  0.03326350511683218
2  5  6  0.04304776851811211
2  6  6  0.04131401147170272
2  7  6  0.04516359398678025
2  8  6  0.03759087258333251
2  9  6  0.040784940662583785
2  10  6  0.03515617331163212
2  11  6  0.03389321912449044
2  12  6  0.0346720113373841
2  13  6  0.04763457475650176
2  14  6  0.04244364191795892
2  15  6  0.034405515689489956
2  16  6  0.033081916332545515
2  17  6  0.04331608843870501
2  18  6  0.03188265985598328
2  19  6  0.03168946144556532
2  20  6  0.025517548058498523
2  21  6  0.036634504986089445
2  22  6  0.035564660828452374
2  23  6  0.02995850539425613
2  24  6  0.03335456691789285
2  25  6  0.029205339113881023
2  26  6  0.038380590036823294
2  27  6  0.03875778617796116
2  28  6  0.02658278281157751
2  29  6  0.03467045220742542
2  30  6  0.03272366316717019
2  31  6  0.033914376155441385
2  32  6  0.030536219698379594
2  33  6  0.02975378347244296
2  34  6  0.031040113278078544
2  35  6  0.0299926181606341
2  36  6  0.026111039488744596
2  37  6  0.0297180594540292
2  38  6  0.03537938497375469
2  39  6  0.03253684631193196
2  40  6  0.03009265175748898
2  41  6  0.04183531835750996
2  42  6  0.03992123705372809
2  43  6  0.03836962627121269
2  44  6  0.03586267900211
2  45  6  0.02612694805314859
2  46  6  0.03457975979325906
2  47  6  0.037434544877024675
2  48  6  0.03477577052966351
2  49  6  0.03912480718317683
2  50  6  0.04249889131969246
2  51  6  0.051207815083466425
2  52  6  0.04092420178790494
2  53  6  0.04412631932880334
2  54  6  0.041869632813664584
2  55  6  0.038745326735355294
2  56  6  0.0429513336107549
2  57  6  0.04929464025059075
2  58  6  0.04379375328273275
2  59  6  0.056525853272478124
2  60  6  0.04849235004563082
2  61  6  0.04609169328881316
2  63  6  0.0547656590020891
1  62  6  0.04312505339582778
1  60  6  0.034739016299005644
1  61  6  0.051746402549468766
1  58  6  0.04344176419618313
1  59  6  0.04602551996151885
1  56  6  0.03507357447936196
1  57  6  0.040674499800793434
1  54  6  0.040921954956482445
1  55  6  0.03854052218610404
1  52  6  0.035357017279903084
1  53  6  0.030052279898963932
1  50  6  0.028466350275624122
1  51  6  0.03275702500124275
1  48  6  0.03787455549977296
1  49  6  0.035833415409159824
1  46  6  0.027112227388832122
1  47  6  0.04354547332696224
1  44  6  0.026024469326432913
1  45  6  0.03680933794842729
1  42  6  0.02690647578154072
1  43  6  0.03123133202876831
1  40  6  0.03232235366521302
1  41  6  0.031738908447677634
1  38  6  0.02998636453628005
1  39  6  0.03613336436304647
1  36  6  0.02810132974636025
1  37  6  0.021727769541038007
1  34  6  0.025760487097051952
1  35  6  0.026799723902595232
1  32  6  0.033693043141906916
1  33  6  0.028738068384224037
1  30  6  0.028589724532062002
1  31  6  0.04650071400861347
1  28  6  0.026514781810558847
1  29  6  0.032198200706990775
1  26  6  0.028054484441702932
1  27  6  0.032464886310029084
1  24  6  0.02577244656176996
1  25  6  0.0343906785837906
1  22  6  0.029536776993234697
1  23  6  0.032828760869204325
1  20  6  0.024506382062132907
1  21  6  0.035461321478314434
1  18  6  0.02737919890327185
1  19  6  0.035143994689980404
1  16  6  0.03014438753539756
1  17  6  0.03336430546682835
1  14  6  0.03209658593533914
1  15  6  0.02900162058426141
1  12  6  0.02955221853339441
1  13  6  0.041294467294256745
1  10  6  0.03044985713626287
1  11  6  0.030874056676655152
1  8  6  0.037604178617828485
1  9  6  0.05117302234305662
1  6  6  0.04656807287520209
1  7  6  0.022242159019439763
1  4  6  0.03853487369256377
1  5  6  0.04754735429231555
1  2  6  0.03556110688189356
1  3  6  0.04863904770432942
1  0  6  0.0483397891218755
1  1  6  0.04739156744578478
0  1  6  0.059837448814511834
0  0  6  0.10308483974738697
0  3  6  0.05468240581032192
0  2  6  0.05962363822487302
0  5  6  0.05693368148304825
0  4  6  0.06620062787903125
0  7  6  0.05415133119338842
0  6  6  0.051582884472684935
0  9  6  0.04669628670511769
0  8  6  0.05030908641831186
0  11  6  0.04393037515879815
0  10  6  0.049152251696432586
0  13  6  0.03433480266291763
0  12  6  0.03939099935463553
0  15  6  0.03170524993472979
0  14  6  0.0404071470711518
0  17  6  0.03953442924986581
0  16  6  0.030767978897761818
0  19  6  0.038380286279229195
0  18  6  0.0359788978228247
0  21  6  0.03911432544841097
0  20  6  0.03405457462228028
0  23  6  0.032390175103906356
0  22  6  0.035445261625693114
0  25  6  0.035032489243425946
0  24  6  0.02928510987446133
0  27  6  0.02621450045561201
0  26  6  0.03592686427224889
0  29  6  0.034364170180361205
0  28  6  0.030053502576989525
0  31  6  0.027488684374152868
0  30  6  0.02114204400574007
0  33  6  0.030077175111234065
0  32  6  0.0379673372362587
0  35  6  0.029651645966601015
0  34  6  0.030631687489635313
0  37  6  0.034624986463980094
0  36  6  0.0388852569527646
0  39  6  0.024411368822026294
0  38  6  0.029748865141016153
0  41  6  0.03508602440997995
0  40  6  0.031128436467017632
0  43  6  0.03361384568371308
0  42  6  0.0330491520700417
0  45  6  0.04133553160984631
0  44  6  0.03122724326327969
0  47  6  0.03660973692299087
0  46  6  0.03223218232306706
0  49  6  0.04313860513135857
0  48  6  0.0476208497938615
0  51  6  0.048361313833884964
0  50  6  0.037767550252187206
0  53  6  0.04391621905770337
0  52  6  0.05174833187030764
0  55  6  0.04506830718542244
0  54  6  0.047062202160312844
0  57  6  0.04214108582111053
0  56  6  0.043145397270504524
0  59  6  0.04409822607177914
0  58  6  0.04193463919342054
0  61  6  0.050264340121747894
0  60  6  0.05534362822697575
0  63  6  0.04782646890562541
0  62  6  0.06238449634528453
-1  63  6  0.055177041832713235
2  63  7  0.06680939601369741
2  61  7  0.09374609937136891
2  60  7  0.0411947097844729
2  59  7  0.0364265676674459
2  58  7  0.040423571867594446
2  57  7  0.08584731109015993
2  56  7  0.04066304939783893
2  55  7  0.08433357060895467
2  54  7  0.0491332746177236
2  53  7  0.034422080023805264
2  52  7  0.03530130872180168
2  51  7  0.03575714679946837
2  50  7  0.0408041222673697
2  49  7  0.030357940107430176
2  48  7  0.07982883424953995
2  47  7  0.03247957471771676
2  46  7  0.035794543080981164
2  45  7  0.04035614791548357
2  44  7  0.07391022649388485
2  43  7  0.07056663444771713
2  42  7  0.08983715588285825
2  41  7  0.028774400052551042
2  40  7  0.03656312406662737
2  39  7  0.0344297787112972
2  38  7  0.03627488585778433
2  37  7  0.025387261143015562
2  36  7  0.033516870580006485
2  35  7  0.03511744909482401
2  34  7  0.037366902372926655
2  33  7  0.029882439228587673
2  32  7  0.07772209492592255
2  31  7  0.0640757668864262
2  30  7  0.09286595715157772
2  29  7  0.08316676385526973
2  28  7  0.06137402036713791
2  27  7  0.03548586569366089
2  26  7  0.03345869342102453
2  25  7  0.07324977580556656
2  24  7  0.03493118827697101
2  23  7  0.03803818515173784
2  22  7  0.04119634157149565
2  21  7  0.029554503500122852
2  20  7  0.03668893205670174
2  19  7  0.0345319839016152
2  18  7  0.03528644132892775
2  17  7  0.034446833442616155
2  16  7  0.034600993151090054
2  15  7  0.029026211289266603
2  14  7  0.0391476259909863
2  13  7  0.03357836477614153
2  12  7  0.036015524700484886
2  11  7  0.05606338112401818
2  10  7  0.022641461023078964
2  9  7  0.0752043451781053
2  8  7  0.03401239223039732
2  7  7  0.023234662095506748
2  6  7  0.029786352077363534
2  5  7  0.07924366891463017
2  4  7  0.04322640550090736
2  3  7  0.03312247091088432
2  2  7  0.03640226054935918
2  1  7  0.035899551597722845
2  0  7  0.04604536174788091
3  0  7  0.03760751425084506
3  1  7  0.036765263427432526
3  2  7  0.03484351342950087
3  3  7  0.0381943601869193
3  4  7  0.02651662512552898
3  5  7  0.04063235692512048
3  6  7  0.03756856753921237
3  7  7  0.04383352790165314
3  8  7  0.029492458401531387
3  9  7  0.029024526039136272
3  10  7  0.028815345819510736
3  11  7  0.030623084578280356
3  12  7  0.07479937376057938
3  13  7  0.03293099627780052
3  14  7  0.03665259341492593
3  15  7  0.02972857472944695
3  16  7  0.03386408556996231
3  17  7  0.0306693975763448
3  18  7  0.02033766365835974
3  19  7  0.038311135236295105
3  20  7  0.03240580492718407
3  21  7  0.02653103459526404
3  22  7  0.025982370615935762
3  23  7  0.03961878008673403
3  24  7  0.03336672060460134
3  25  7  0.026829268080742156
3  26  7  0.031577259255176265
3  27  7  0.04345354002674899
3  28  7  0.028058828900314768
3  29  7  0.03719949078722101
3  30  7  0.03335538410131081
3  31  7  0.037817340676727464
3  32  7  0.06762410868773885
3  33  7  0.037881435969270565
3  34  7  0.03506474841764488
3  35  7  0.038447833428935804
3  36  7  0.03531482326560547
3  37  7  0.06863504491350728
3  38  7  0.03560991405015088
3  39  7  0.07302748550216852
3  40  7  0.03707300172364571
3  41  7  0.028204729720908577
3  42  7  0.03435779412366121
3  43  7  0.08561673168060359
3  44  7  0.07825647960656032
3  45  7  0.03736182570218921
3  46  7  0.07470856086114243
3  47  7  0.054778597563278277
3  48  7  0.04241550497888484
3  49  7  0.04112674655232031
3  50  7  0.037124526212458014
3  51  7  0.04664480405699827
3  52  7  0.044620955794963814
3  53  7  0.04173494286418364
3  54  7  0.0426744849209824
3  55  7  0.044462700347552474
3  56  7  0.04507417418035893
3  57  7  0.05413225183743014
3  58  7  0.04830263923555416
3  59  7  0.053445343884307134
3  60  7  0.04256671259402697
3  61  7  0.11051717868631554
3  62  7  0.054255853893195975
3  63  7  0.03997378906798227
-1  63  7  0.04916671462927525
1  62  7  0.04275337322294541
1  60  7  0.03019599570559565
1  61  7  0.02782997193261579
1  58  7  0.0333447937570435
1  59  7  0.027330289457765226
1  56  7  0.026921408259936913
1  57  7  0.038758516845031926
1  54  7  0.02517630734290806
1  55  7  0.036941989216272286
1  52  7  0.029054093462112567
1  53  7  0.03200437602165623
1  50  7  0.024096306080074244
1  51  7  0.03889434335657076
1  48  7  0.023529155487937003
1  49  7  0.026622860969262124
1  46  7  0.030010746037820807
1  47  7  0.033598599400120215
1  44  7  0.0367215492012932
1  45  7  0.028274208515936976
1  42  7  0.027264288089212642
1  43  7  0.03115000069523706
1  40  7  0.029933761487384348
1  41  7  0.030391949617301742
1  38  7  0.026070208177211576
1  39  7  0.030407305151592737
1  36  7  0.02141223492904948
1  37  7  0.031093985305387786
1  34  7  0.023688198935064415
1  35  7  0.027541408296161377
1  32  7  0.022198307648807064
1  33  7  0.02697494342649094
1  30  7  0.03440846087826925
1  31  7  0.04382750284187686
1  28  7  0.022617990718850057
1  29  7  0.03874642953375231
1  26  7  0.03021041447326247
1  27  7  0.02619306639843713
1  24  7  0.027379326749833458
1  25  7  0.03307400311713602
1  22  7  0.023643180673996667
1  23  7  0.02986377595507536
1  20  7  0.024485324571194046
1  21  7  0.03628622701004073
1  18  7  0.017787478075620235
1  19  7  0.025578563764361965
1  16  7  0.02286943701174429
1  17  7  0.02789180085429397
1  14  7  0.02791412751291718
1  15  7  0.023498816336625143
1  12  7  0.02156903525014138
1  13  7  0.029549294333857903
1  10  7  0.022594092709760493
1  11  7  0.02072991782972977
1  8  7  0.02675894317392417
1  9  7  0.03853847664111825
1  6  7  0.022987795034001134
1  7  7  0.029055657839130094
1  4  7  0.022646944478330627
1  5  7  0.03601099428323798
1  2  7  0.029748932551021373
1  3  7  0.0283428156298635
1  0  7  0.02997545341336728
1  1  7  0.044355783430318395
0  1  7  0.02825126586933509
0  0  7  0.04589594863356722
0  3  7  0.0333177391001236
0  2  7  0.03313320769757676
0  5  7  0.025612749934936833
0  4  7  0.027825585633311042
0  7  7  0.030777407000559927
0  6  7  0.033015909639539806
0  9  7  0.02598913718576943
0  8  7  0.03504211725175675
0  11  7  0.022238607209509886
0  10  7  0.046497482977329134
0  13  7  0.03282144804588016
0  12  7  0.03000480001046442
0  15  7  0.024553150658853266
0  14  7  0.03063824718048744
0  17  7  0.02216206431083171
0  16  7  0.02697679371490988
0  19  7  0.028241637861004282
0  18  7  0.034882755350466754
0  21  7  0.022278941637456792
0  20  7  0.031928360780605056
0  23  7  0.025922887097542414
0  22  7  0.030541295321610235
0  25  7  0.03536167554371163
0  24  7  0.029726417609280142
0  27  7  0.02442155238177938
0  26  7  0.03282522765513797
0  29  7  0.03539297470647702
0  28  7  0.032612100463483076
0  31  7  0.028857686276233474
0  30  7  0.024651039284354668
0  33  7  0.03312151322391373
0  32  7  0.029547913590992528
0  35  7  0.03857327182622297
0  34  7  0.047326900330438806
0  37  7  0.041807034378034805
0  36  7  0.028798976810658627
0  39  7  0.04387275587572137
0  38  7  0.033057169211696213
0  41  7  0.0396117415523966
0  40  7  0.034528808657921364
0  43  7  0.043812895791092016
0  42  7  0.04527418199030958
0  45  7  0.049891753400519566
0  44  7  0.03718356575461012
0  47  7  0.03721763802552101
0  46  7  0.04085448451471281
0  49  7  0.042776380955069575
0  48  7  0.03572194250536648
0  51  7  0.02942357002516934
0  50  7  0.05347420466447014
0  53  7  0.04275038393788664
0  52  7  0.04270148146582884
0  55  7  0.03331077262475726
0  54  7  0.03323510140718098
0  57  7  0.030858273437503504
0  56  7  0.04503012522867647
0  59  7  0.047906691460795056
0  58  7  0.049276267510161446
0  61  7  0.051324997037568425
0  60  7  0.04367752255372619
0  63  7  0.04208257858555129
0  62  7  0.046711739867692094
-1  63  7  0.04011601023208459
